15 1 0
0 0 0 0 0 0 27 0 0 0 0 18 0 22 0 
0 0 0 0 0 0 0 0 0 0 0 16 13 0 22 
0 0 0 0 0 0 0 0 0 15 0 24 20 0 0 
0 0 0 0 19 0 0 13 0 0 0 13 0 0 0 
0 0 0 19 0 0 0 0 0 25 0 0 0 0 13 
0 0 0 0 0 0 10 0 0 0 25 0 0 0 0 
27 0 0 0 0 10 0 0 0 0 0 0 11 0 17 
0 0 0 13 0 0 0 0 0 0 20 0 0 0 0 
0 0 0 0 0 0 0 0 0 0 0 0 18 22 0 
0 0 15 0 25 0 0 0 0 0 0 14 0 20 0 
0 0 0 0 0 25 0 20 0 0 0 0 0 0 0 
18 16 24 13 0 0 0 0 0 14 0 0 0 16 0 
0 13 20 0 0 0 11 0 18 0 0 0 0 0 0 
22 0 0 0 0 0 0 0 22 20 0 16 0 0 0 
0 22 0 0 13 0 17 0 0 0 0 0 0 0 0 
1
105 353
365 56
179 219
22 265
150 158
42 29
135 38
28 145
291 339
280 102
83 94
406 247
269 203
403 366
215 58
